29	25
29	33
23	55
24	55
19	31
33	57
32	36
35	48
31	59
33	58
38	53
29	34
16	48
33	45
38	48
30	54
29	59
22	59
24	41
25	55
20	58
38	37
34	58
33	52
34	28
32	52
36	36
23	52
21	31
29	29
15	44
35	56
23	37
30	38
36	50
23	31
18	26
15	35
16	45
29	45
23	42
29	57
30	27
19	42
16	51
18	53
15	34
34	54
18	44
19	29
27	29
17	47
36	55
32	54
15	37
37	29
31	41
31	36
26	27
20	42
35	29
32	41
25	36
22	48
37	31
28	54
15	40
17	53
35	51
15	28
20	52
22	46
25	45
20	41
39	40
25	30
36	34
33	46
32	57
35	30
28	28
16	50
15	30
31	43
17	33
36	37
30	30
21	57
22	46
16	26
36	38
18	58
33	53
16	45
15	31
17	30
21	39
23	42
24	29
22	53
